Names,Cost,MSR,BDP,E3,GW,DDV,RVV,SP,AGR,BP,PR,FW,LBL,Total
Wout Van Aert,20,180,0,382,155,0,0,0,0,0,350,0,300,1367
Tadej Pogacar,20,240,0,0,0,110,440,0,0,0,0,95,0,885
Mathieu Van Der Poel,16,300,0,0,0,322,580,0,260,0,160,0,0,1622
Julian Alaphilippe,16,0,0,0,0,0,0,0,0,0,0,180,60,240
Tim Pidcock,14,0,0,0,0,272,210,0,200,304,0,0,0,986
Remco Evenepoel,14,0,0,0,0,0,0,0,0,258,0,0,520,778
Kasper Asgreen,14,0,0,146,36,0,48,0,220,0,0,0,0,450
Michael Matthews,12,260,0,0,0,0,200,0,200,140,0,0,0,800
Jasper Stuyven,12,0,120,116,288,0,0,0,0,0,200,0,0,724
Mads Pedersen,12,220,0,35,176,0,240,0,0,0,0,0,0,671
Alejandro Valverde,12,0,0,0,0,0,0,0,0,0,0,220,200,420
Yves Lampaert,12,0,0,0,0,20,6,0,0,0,210,0,0,236
Dylan Van Baarle,10,0,0,166,0,12,470,0,114,0,520,0,0,1282
Matej Mohoric,10,400,0,216,120,0,60,0,120,0,360,0,0,1276
Stefan Kueng,10,0,0,236,0,222,320,0,180,0,300,0,0,1258
Tiesj Benoot,10,0,0,216,24,292,120,0,300,0,0,100,0,1052
Christophe Laporte,10,54,0,364,328,0,220,0,20,0,40,0,0,1026
Dylan Teuns,10,0,0,0,0,0,220,0,150,166,0,250,220,1006
Benoit Cosnefroy,10,0,0,0,0,0,0,0,410,328,0,90,42,870
Alexander Kristoff,10,30,0,0,136,0,150,394,0,0,130,0,0,840
Tim Merlier,10,0,250,0,150,0,0,264,0,0,0,0,0,664
Warren Barguil,10,0,0,0,0,0,0,0,60,272,0,120,100,552
Anthony Turgis,10,350,0,126,73,0,0,0,0,0,0,0,0,549
Jasper Philipsen,10,20,0,0,50,46,60,274,0,0,0,0,0,450
Marc Hirschi,10,0,0,0,0,0,0,0,160,25,0,0,160,345
Tim Wellens,10,0,0,0,0,0,0,0,66,228,0,40,0,334
Sam Bennett,10,0,70,0,0,0,0,258,0,0,0,0,0,328
Mike Woods,10,0,0,0,0,0,0,0,0,0,0,150,150,300
Florian Senechal,10,110,0,36,0,0,0,0,0,0,120,0,0,266
Dylan Groenewegen,10,0,220,0,0,0,0,0,0,0,0,0,0,220
Valentin Madouas,8,0,0,188,0,100,360,0,110,0,20,0,0,778
Michal Kwiatkowski,8,90,0,0,0,0,0,0,520,36,60,0,0,706
Binian Girmay,8,130,50,196,322,0,0,0,0,0,0,0,0,698
Soren Kragh Andersen,8,200,0,0,196,70,0,0,12,0,0,0,36,514
Danny Van Poppel,8,0,45,0,0,0,90,364,0,0,0,0,0,499
Nils Politt,8,0,0,0,0,304,0,99,0,0,54,0,0,457
Mike Teunissen,8,0,0,191,24,39,72,0,20,0,106,0,0,452
Arnaud Demare,8,150,150,0,146,0,0,0,0,0,0,0,0,446
Ivan Garcia Cortina,8,48,0,75,166,0,114,0,0,0,36,0,0,439
Dani Martinez,8,0,0,0,0,0,0,0,0,0,0,160,260,420
Jordi Meeus,8,0,0,0,0,0,0,263,0,0,110,0,0,373
Andrea Pasqualon,8,0,0,0,121,95,0,0,24,0,72,0,0,312
Aleksandr Vlasov,8,0,0,0,0,0,0,0,0,0,0,200,110,310
Edward Theuns,8,0,0,0,0,0,0,304,0,0,0,0,0,304
Michael Valgren,8,36,0,55,0,0,0,0,100,100,0,0,0,291
Neilson Powless,8,0,0,0,0,0,0,0,0,0,0,60,180,240
Sergio Higuita,8,0,0,0,0,0,0,0,0,0,0,0,240,240
Nacer Bouhanni,8,24,200,0,0,0,0,0,0,0,0,0,0,224
Rudy Molard,8,0,0,0,0,0,0,0,0,0,0,130,78,208
Damiano Caruso,8,160,0,0,0,0,0,0,0,0,0,36,0,196
Max Walscheid,8,0,180,0,0,0,0,0,0,0,0,0,0,180
Jack Haig,8,0,0,0,0,0,0,0,0,0,0,36,140,176
Alexis Vuillermoz,8,0,0,0,0,0,0,0,0,0,0,110,60,170
Enric Mas,8,0,0,0,0,0,0,0,0,0,0,24,130,154
Heinrich Haussler,8,0,110,30,0,0,0,0,0,0,0,0,0,140
Fred Wright,6,0,0,0,0,30,320,0,0,0,0,0,0,350
Quinten Hermans,6,0,0,0,0,0,0,0,0,0,0,0,350,350
Victor Campenaerts,6,0,0,0,36,252,0,0,0,36,0,0,0,324
Dan McLay,6,0,0,0,0,0,0,284,0,0,0,0,0,284
Xandro Meurisse,6,0,36,0,0,0,60,0,0,110,0,0,72,278
Jhonatan Narvaez,6,0,0,186,0,0,40,0,0,0,0,0,0,226
Arnaud De Lie,6,0,130,0,0,0,0,85,0,0,0,0,0,215
Daryl Impey,6,0,0,0,0,0,0,0,0,90,0,108,0,198
Simone Consonni,6,18,140,0,35,0,0,0,0,0,0,0,0,193
Olav Kooij,6,0,160,0,0,24,0,0,0,0,0,0,0,184
Rasmus Tiller,6,0,0,136,41,0,0,0,0,0,0,0,0,177
Aaron Van Poucke,6,0,0,0,0,0,0,0,120,36,0,0,0,156
Max Kanter,6,0,90,0,0,0,60,0,0,0,0,0,0,150
Dorian Godon,6,0,0,0,0,0,0,0,40,104,0,0,0,144
Ruben Guerreiro,6,0,0,0,0,0,0,0,0,0,0,140,0,140
Michael Morkov,6,0,95,0,0,0,0,30,0,0,0,0,0,125
Ben Turner,4,0,0,20,51,214,100,0,60,324,200,0,0,969
Jan Tratnik,4,220,0,0,0,120,190,0,130,0,0,0,0,660
Magnus Sheffield,4,0,0,0,0,92,40,0,60,358,60,0,0,610
Tom Devriendt,4,0,0,0,0,0,0,36,0,20,380,0,0,436
Bruno Armirail,4,0,0,0,0,0,0,0,0,0,0,108,270,378
Sam Welsford,4,0,0,0,0,0,0,344,0,0,0,0,0,344
Ryan Mullen,4,0,0,36,0,0,0,278,0,0,0,0,0,314
Dries Van Gestel,4,0,0,0,272,0,0,0,0,0,42,0,0,314
Kelland O'Brien,4,0,24,0,0,284,0,0,0,0,0,0,0,308
Kenneth Vanbilsen,4,0,0,0,0,0,0,294,0,0,0,0,0,294
Johan Jacobs,4,0,0,0,36,107,0,0,120,0,0,0,0,263
Adrien Petit,4,0,0,0,36,0,0,0,0,0,220,0,0,256
Ruediger Selig,4,0,0,0,0,0,0,244,0,0,0,0,0,244
Samuele Rivi,4,240,0,0,0,0,0,0,0,0,0,0,0,240
Alessandro Tonelli,4,240,0,0,0,0,0,0,0,0,0,0,0,240
Alexander Kamp,4,0,0,0,0,0,0,0,240,0,0,0,0,240
Laurent Pichon,4,0,0,0,0,0,0,0,0,0,240,0,0,240
Laurens De Plus,4,0,0,0,0,0,0,0,60,131,0,0,0,191
Valentin Ferron,4,0,0,0,0,0,0,0,0,0,0,144,0,144
Owain Doull,4,0,0,0,0,0,0,0,120,0,0,0,0,120
Simon Guglielmi,4,0,0,0,0,0,0,0,0,0,0,108,0,108
Jimmy Janssens,4,0,0,0,0,0,0,0,0,0,0,108,0,108
Stanislaw Aniolkowski,4,0,100,0,0,0,0,0,0,0,0,0,0,100
